X =[     7     7    13     7;     4     3    14     7;    10     5    12     5;    16     7    11     3;    13     3    10     3]

Y =[    14    10     8     2     6; 7 7 5 4 2; 8 6 5 7 4]'
